Zeit_s,Kraft_N - mean,Kraft_N - std,Weg_mm - mean,Weg_mm - std,Stress_MPa,Strain
55.83999999999997,0.4999999999991118,0.7071067811852915,5.07,0.0,0.00020300375394338347,0.0
62.21999999999996,0.5,0.7071067811865476,4.97,0.0,0.00020300375394374407,0.019723865877712136
67.21999999999996,1.0,0.0,4.88,0.0,0.00040600750788748815,0.03747534516765293
72.21999999999996,1.0,0.0,4.8,0.0,0.00040600750788748815,0.05325443786982258
77.21999999999996,1.0,0.0,4.72,0.0,0.00040600750788748815,0.06903353057199221
82.21999999999996,1.5,0.7071067811865476,4.63,0.0,0.0006090112618312322,0.08678500986193301
87.21999999999996,2.0,0.0,4.55,0.0,0.0008120150157749763,0.10256410256410264
92.21999999999996,2.0,0.0,4.47,0.0,0.0008120150157749763,0.1183431952662723
97.21999999999994,2.500000000001421,0.7071067811845378,4.38,0.0,0.0010150187697192973,0.13609467455621307
102.21999999999994,3.5,0.7071067811865476,4.3,0.0,0.0014210262776062086,0.15187376725838272
107.21999999999994,4.000000000001421,2.009718347115232e-12,4.22,0.0,0.0016240300315505296,0.16765285996055238
112.21999999999994,5.5,0.7071067811865476,4.13,0.0,0.0022330412933811846,0.18540433925049316
117.21999999999994,6.5,0.7071067811865476,4.05,0.0,0.002639048801268673,0.2011834319526628
122.21999999999994,7.5,0.7071067811865476,3.97,0.0,0.003045056309156161,0.21696252465483234
127.21999999999993,9.5,0.7071067811865476,3.88,0.0,0.0038570713249311372,0.23471400394477324
132.21999999999994,11.5,0.7071067811865476,3.8,0.0,0.004669086340706114,0.25049309664694286
137.21999999999994,14.5,0.7071067811865476,3.72,0.0,0.005887108864368578,0.26627218934911245
142.2199999999999,17.5,0.7071067811865476,3.63,0.0,0.007105131388031043,0.2840236686390533
147.2199999999999,21.5,0.7071067811865476,3.55,0.0,0.008729161419580996,0.29980276134122297
152.2199999999999,26.0,0.0,3.47,0.0,0.010556195205074692,0.3155818540433925
157.2199999999999,32.0,0.0,3.38,0.0,0.01299224025239962,0.33333333333333337
162.2199999999999,39.49999999999787,0.707106781183533,3.3,0.0,0.016037296561554917,0.349112426035503
167.2199999999999,48.5,0.7071067811865476,3.22,0.0,0.019691364132543174,0.36489151873767256
172.2199999999999,59.5,2.1213203435596424,3.13,0.0,0.024157446719305545,0.3826429980276135
177.2199999999999,74.0,2.8284271247461903,3.05,0.0,0.030044555583674123,0.39842209072978313
182.2199999999999,92.0,4.242640687119285,2.97,0.0,0.03735269072564891,0.41420118343195267
187.2199999999999,115.5,6.363961030678928,2.88,0.0,0.04689386716100488,0.43195266272189353
192.2199999999999,146.99999999999787,8.485281374241584,2.8,0.0,0.05968310365945989,0.4477317554240632
197.21999999999989,188.99999999999432,12.727922061357855,2.72,0.0,0.07673541899073295,0.4635108481262327
202.21999999999989,245.0,16.97056274847714,2.63,0.0,0.0994718394324346,0.48126232741617364
207.21999999999989,323.49999999999716,24.748737341533182,2.55,0.0,0.13134342880160127,0.49704142011834324
